"","PROMIS_PF_preop","PROMIS_anxiety_preop","PROMIS_depression_preop","PROMIS_fatigue_preop","PROMIS_sleep_preop","PROMIS_SF_preop","PROMIS_paininterference_preop","PROMIS_painintensity_preop","LOS_DAYS","AGE_SURGERY","SEX","RACE","ETHNICITY","MARITAL_STATUS","DIAGNOSIS_DICHOTOMOUS","INSURANCE","ADMISSION_TYPE","SURGEON_EXPERIENCE","ASA","DISCHARGE_DISPOSITION","READMISSION_30DAYS","MFI_5","CCI"
"1",57,40.3,41,33.7,41.1,64.2,41.6,0,2.47708333333333,73,1,2,0,0,0,2,0,4,2,0,0,1,5
"2",57,40.3,41,51,50.5,51.9,41.6,2,4.45125,58,1,0,0,0,0,1,0,4,2,0,0,1,3
"3",48.3,40.3,41,62.7,56.1,51.9,55.6,2,4.19583333333333,30,0,0,0,1,0,1,0,4,3,0,0,0,0
"4",57,40.3,41,33.7,32,64.2,41.6,0,5.2375,51,1,2,0,0,1,1,1,4,3,0,0,0,3
"5",36.7,51.2,60.5,51,41.1,38.8,41.6,0,13.605,70,1,1,0,1,0,2,1,4,3,1,0,2,6
"6",57,40.3,41,48.6,48.4,55.8,41.6,0,2.42625,59,1,0,0,0,1,1,0,4,3,0,0,1,3
"7",40.5,75.4,69.4,66.7,59.8,40.5,16,7,2.35916666666667,70,0,0,0,0,1,2,0,4,3,0,0,3,6
"8",57,40.3,58.9,51,59.8,64.2,55.6,4,2.3,41,0,0,0,1,0,1,0,4,3,0,0,0,2
"9",39.2,55.8,57.3,51,73.3,53.7,13,8,8.16041666666667,80,0,0,0,0,1,2,1,4,3,1,0,1,6
"10",57,59.5,41,39.7,52.4,27.5,41.6,0,10.6404166666667,43,1,2,0,0,1,1,1,4,4,1,0,0,3
"11",41.9,69.3,62.2,46,50.5,44.2,12,1,5.57583333333333,73,0,0,0,0,1,2,1,4,3,1,1,1,5
"12",48.3,59.5,58.9,60.7,54.3,51.9,53.9,5,20.4508333333333,38,1,0,0,0,0,2,1,4,3,1,0,0,2
"13",45.5,51.2,49,39.7,37.5,55.8,41.6,0,2.25416666666667,53,1,0,0,0,1,1,0,4,3,0,0,1,3
"14",57,48,41,51,41.1,64.2,41.6,0,4.23833333333333,54,1,0,0,0,1,1,0,4,2,1,0,0,3
"15",41.9,53.7,53.9,51,52.4,44.2,41.6,0,7.61541666666667,65,1,1,0,0,1,1,1,4,3,0,1,1,4
"16",35.6,63.4,58.9,60.7,57.9,42.3,55.6,5,12.5470833333333,47,0,0,0,0,1,1,0,14,3,0,0,1,2
"17",36.7,40.3,49,58.8,46.2,44.2,12,5,2.40083333333333,50,0,1,0,0,0,1,0,4,2,0,0,2,4
"18",45.5,51.2,41,48.6,50.5,51.9,41.6,2,2.54916666666667,54,1,1,0,0,0,1,0,4,2,0,0,0,3
"19",57,40.3,41,3,43.8,64.2,49.6,2,7.30916666666667,26,1,2,0,1,1,1,1,4,3,0,1,0,2
"20",57,40.3,41,33.7,48.4,64.2,41.6,0,2.09458333333333,27,1,0,0,1,1,1,0,4,3,0,0,0,2
"21",43.5,63.4,57.3,58.8,48.4,46.2,16,1,2.55958333333333,48,0,0,0,0,0,1,0,4,2,0,0,0,2
"22",48.3,59.5,58.9,62.7,46.2,50,52,3,3.49583333333333,24,0,0,0,1,0,1,0,4,2,0,0,0,2
"23",22.5,59.5,62.2,57,41.1,37.3,49.6,1,28.3616666666667,60,0,2,0,1,0,1,0,4,3,1,0,1,4
"24",41.9,63.4,62.2,75.8,68.8,31.8,12,2,7.34041666666667,41,0,0,0,0,0,1,0,4,3,0,0,0,2
"25",57,51.2,41,57,37.5,53.7,55.6,4,2.375,67,0,0,0,0,0,2,0,4,3,0,0,0,4
"26",57,55.8,41,43.1,41.1,64.2,41.6,0,3.35708333333333,67,0,1,0,1,0,2,0,4,3,0,0,1,4
"27",57,61.4,58.9,57,54.3,51.9,41.6,0,6.48541666666667,74,0,0,0,1,0,2,0,4,3,1,1,1,5
"28",57,57.7,41,46,43.8,58.3,41.6,3,11.61125,42,1,0,0,0,0,1,0,4,2,0,0,0,3
"29",57,48,41,33.7,57.9,64.2,53.9,6,3.4125,60,0,2,0,0,0,1,0,4,3,0,0,2,5
"30",57,48,41,53.1,50.5,64.2,41.6,0,4.30083333333333,55,0,1,0,0,0,1,0,4,3,0,0,1,3
"31",43.5,57.7,49,64.6,52.4,37.3,12,4,2.3425,38,0,0,0,0,0,1,0,4,1,0,0,0,2
"32",48.3,55.8,41,60.7,54.3,50,53.9,2,17.9583333333333,37,0,1,0,1,0,1,0,4,2,0,0,0,2
"33",57,51.2,49,43.1,32,64.2,41.6,1,18.655,68,0,1,0,0,0,1,0,4,3,1,1,3,5
"34",57,53.7,41,48.6,66,64.2,49.6,2,2.53541666666667,28,1,0,0,1,0,3,0,4,2,0,0,0,2
"35",57,48,41,69,63.8,42.3,14,7,1.81583333333333,35,0,0,0,0,0,1,0,4,2,0,0,0,2
"36",37.9,67.3,62.2,69,61.7,42.3,15,8,2.06166666666667,52,1,0,0,0,0,1,0,4,3,0,0,0,3
"37",57,40.3,41,46,52.4,64.2,49.6,3,2.49375,39,1,0,0,0,0,1,0,4,3,0,0,1,2
"38",57,61.4,62.2,46,41.1,64.2,41.6,1,4.61583333333333,48,1,1,0,0,0,1,0,4,2,0,0,1,2
"39",40.5,40.3,41,48.6,32,64.2,49.6,2,3.02791666666667,67,0,1,0,1,0,1,0,4,3,0,1,3,6
"40",45.5,40.3,41,51,56.1,64.2,53.9,2,0.315416666666667,77,0,0,0,0,0,2,0,5,3,0,0,0,5
"41",45.5,55.8,63.9,75.8,41.1,44.2,41.6,0,2.46875,69,1,0,0,0,0,2,0,4,3,0,0,1,4
"42",33.2,69.3,63.9,66.7,66,37.3,19,9,6.27083333333333,49,0,0,0,0,0,1,0,4,3,0,0,2,3
"43",57,40.3,41,43.1,48.4,64.2,11,8,4.09708333333333,71,1,1,0,1,0,2,0,4,3,0,0,2,6
"44",57,40.3,41,33.7,46.2,64.2,41.6,0,2.28541666666667,74,0,0,0,0,0,1,0,4,2,0,0,1,6
"45",57,48,41,48.6,59.8,48.1,55.6,4,2.18125,67,1,2,0,0,1,1,0,29,3,1,0,1,5
"46",57,40.3,41,39.7,46.2,64.2,49.6,1,6.38208333333333,73,0,0,0,1,1,2,0,4,3,1,1,0,5
"47",43.5,40.3,55.7,55.1,52.4,44.2,55.6,2,2.31375,71,1,0,0,0,0,2,0,4,2,0,0,1,6
"48",57,65.3,62.2,62.7,54.3,34,12,6,2.055,27,0,2,1,1,0,1,0,4,2,0,0,0,0
"49",57,57.7,51.8,55.1,56.1,64.2,41.6,0,3.30625,50,1,0,0,0,1,1,0,4,3,1,0,0,3
"50",41.9,40.3,41,51,52.4,42.3,41.6,0,3.36333333333333,78,1,0,0,0,1,2,0,4,3,1,0,1,5
"51",48.3,65.3,58.9,58.8,52.4,40.5,52,2,2.32,42,0,0,0,0,1,1,0,4,3,0,0,0,2
"52",48.3,63.4,53.9,57,56.1,50,16,6,2.37,60,0,0,0,0,1,1,0,4,2,0,0,0,2
"53",22.5,51.2,49,64.6,54.3,31.8,18,6,51.4133333333333,73,0,0,0,0,1,2,1,4,3,1,1,3,9
"54",40.5,65.3,62.2,48.6,73.3,37.3,18,9,9.13875,58,1,0,0,0,1,1,1,4,3,0,1,2,2
"55",48.3,53.7,53.9,48.6,46.2,46.2,53.9,6,2.39666666666667,51,0,0,0,0,1,1,0,4,3,1,0,0,3
"56",57,55.8,41,57,48.4,64.2,41.6,3,9.59166666666667,36,0,0,0,0,0,1,1,4,2,0,1,0,2
"57",57,59.5,53.9,51,48.4,46.2,41.6,0,6.54666666666667,67,1,0,0,0,1,1,0,4,2,0,0,0,2
"58",57,40.3,41,46,41.1,64.2,41.6,0,14.85,64,0,0,0,1,1,1,1,4,3,1,0,3,5
"59",43.5,51.2,41,39.7,43.8,44.2,41.6,0,7.76166666666667,72,0,0,0,1,1,2,1,4,3,1,0,1,3
"60",57,51.2,57.3,51,52.4,48.1,41.6,1,4.5675,62,0,0,0,1,0,1,1,4,3,0,0,0,4
"61",36.7,55.8,57.3,57,66,44.2,11,4,2.22916666666667,64,0,0,0,1,0,2,0,4,2,1,0,2,5
"62",48.3,57.7,53.9,46,52.4,64.2,41.6,0,7.22583333333333,66,0,0,0,1,0,2,0,4,2,0,0,0,5
"63",57,61.4,55.7,48.6,54.3,51.9,55.6,1,3.21958333333333,52,0,0,0,1,0,1,0,4,2,0,0,0,3
"64",34.4,40.3,41,43.1,46.2,64.2,20,9,4.46166666666667,56,0,0,0,1,0,1,0,4,2,0,0,0,3
"65",57,51.2,51.8,48.6,43.8,55.8,41.6,0,1.48333333333333,40,0,1,0,1,0,1,0,4,3,0,0,0,2
"66",57,55.8,49,48.6,57.9,51.9,41.6,0,5.28,52,0,0,0,0,0,1,0,4,3,1,0,1,3
"67",48.3,48,41,39.7,46.2,64.2,41.6,0,8.89916666666667,77,1,0,0,1,1,1,1,4,3,1,0,1,4
"68",45.5,67.3,41,48.6,63.8,51.9,11,5,5.39166666666667,66,0,0,0,0,0,1,0,4,3,0,0,1,4
"69",37.9,71.2,62.2,66.7,73.3,42.3,14,6,3.24166666666667,36,0,0,0,0,0,1,0,4,3,0,0,1,2
"70",40.5,59.5,58.9,48.6,54.3,44.2,55.6,1,4.2925,72,1,1,0,0,0,2,0,4,3,0,0,2,6
"71",45.5,57.7,53.9,60.7,48.4,51.9,41.6,1,2.42291666666667,21,0,0,0,0,0,1,0,42,2,0,0,0,2
"72",57,40.3,41,48.6,32,64.2,41.6,0,7.30625,26,0,1,0,1,0,1,0,4,3,0,0,2,3
"73",57,63.4,51.8,46,46.2,64.2,41.6,2,3.35125,48,0,2,0,0,0,1,0,4,2,0,0,2,3
"74",43.5,40.3,41,48.6,41.1,50,55.6,1,2.28875,79,0,0,0,0,1,2,0,4,3,1,0,1,6
"75",57,48,41,39.7,43.8,64.2,41.6,1,2.2425,48,1,2,0,0,1,1,0,4,3,0,0,0,2
"76",57,40.3,41,46,50.5,64.2,41.6,3,2.41041666666667,32,0,2,1,0,0,1,0,4,2,0,0,0,2
"77",22.5,51.2,62.2,71.6,50.5,48.1,20,5,13.1283333333333,48,1,0,0,0,1,1,1,4,3,0,1,1,4
"78",57,40.3,41,33.7,46.2,55.8,41.6,0,3.08958333333333,59,1,0,0,0,0,1,1,4,3,0,0,0,3
"79",30.5,40.3,41,33.7,57.9,44.2,41.6,0,4.62208333333333,65,0,1,0,1,0,2,0,4,3,1,0,0,4
"80",57,40.3,41,33.7,43.8,55.8,10,7,9.61791666666667,53,0,2,0,0,0,3,0,4,2,0,1,0,3
"81",30.5,57.7,49,55.1,59.8,44.2,11,7,4.25208333333333,64,0,0,0,0,1,2,0,4,3,1,1,0,4
"82",45.5,61.4,53.9,39.7,48.4,55.8,55.6,2,2.35125,71,0,2,0,0,1,2,1,4,3,1,0,0,3
"83",37.9,40.3,41,58.8,37.5,37.3,41.6,0,7.49166666666667,65,1,0,0,0,1,1,1,4,3,1,0,0,4
"84",57,59.5,41,48.6,37.5,44.2,12,5,6.92916666666667,38,0,0,0,0,1,1,1,4,3,0,0,0,0
"85",36.7,61.4,49,57,61.7,44.2,16,10,14.5466666666667,20,1,1,0,1,0,1,1,4,2,0,1,0,2
"86",57,67.3,53.9,33.7,41.1,58.3,41.6,0,17.45625,56,1,0,0,0,1,1,1,4,2,1,1,2,3
"87",31.9,71.2,62.2,57,54.3,37.3,41.6,0,7.71375,69,1,0,0,0,1,1,1,4,3,1,1,1,2
"88",57,51.2,49,43.1,43.8,64.2,41.6,2,11.94375,65,1,0,0,0,1,1,1,4,3,1,0,2,4
"89",57,57.7,51.8,51,66,64.2,9,3,7.62625,61,0,0,0,1,1,3,1,4,3,1,0,0,2
"90",45.5,40.3,41,33.7,54.3,55.8,41.6,0,10.08625,68,0,0,0,0,1,2,1,4,3,0,0,2,3
"91",45.5,55.8,53.9,55.1,73.3,51.9,20,9,7.8575,38,1,0,0,1,1,1,1,4,3,0,0,3,3
"92",36.7,51.2,41,48.6,37.5,58.3,41.6,1,3.43,61,0,1,0,1,1,1,0,4,3,0,0,0,4
"93",22.5,77.9,69.4,71.6,68.8,34,19,7,9.81958333333333,23,0,1,0,1,1,1,1,4,4,1,1,0,0
"94",31.9,57.7,75.7,71.6,66,31.8,19,5,2.495,57,0,0,0,1,0,2,0,4,3,0,0,1,4
"95",57,59.5,5,48.6,54.3,64.2,41.6,0,2.40708333333333,42,0,0,0,0,0,1,0,4,2,0,0,0,2
"96",37.9,55.8,55.7,53.1,57.9,50,55.6,0,2.27083333333333,56,1,0,0,0,0,1,0,4,3,0,0,2,5
"97",31.9,40.3,41,57,48.4,51.9,13,7,0.211666666666667,72,0,0,0,0,0,1,0,0,3,0,0,0,3
"98",37.9,40.3,41,39.7,41.1,64.2,52,1,6.46375,61,1,1,0,0,0,1,0,4,3,1,1,3,5
"99",48.3,40.3,41,33.7,32,64.2,41.6,0,8.36958333333333,63,0,1,0,1,0,1,0,4,3,0,0,1,4
"100",57,63.4,62.2,58.8,54.3,48.1,12,5,3.40958333333333,32,0,0,0,0,0,1,0,4,3,0,0,0,2
"101",41.9,61.4,55.7,53.1,57.9,50,12,7,12.3895833333333,50,0,1,0,0,0,1,0,4,3,0,0,2,5
"102",43.5,40.3,41,43.1,37.5,51.9,49.6,0,2.26583333333333,66,1,1,0,0,0,1,0,4,3,0,0,1,4
"103",39.2,71.2,41,55.1,54.3,42.3,13,7,4.29875,37,0,0,0,0,0,1,0,4,3,0,0,0,0
"104",57,65.3,60.5,39.7,57.9,51.9,17,5,2.47833333333333,24,1,0,0,1,0,1,0,4,2,0,0,0,0
"105",57,55.8,41,64.6,61.7,50,12,6,3.32625,52,1,1,0,1,0,1,0,4,3,0,0,0,3
"106",37.9,61.4,58.9,62.7,46.2,40.5,55.6,5,1.20416666666667,30,0,1,0,0,1,1,0,4,4,0,0,1,3
"107",36.7,63.4,55.7,53.1,48.4,51.9,12,8,2.58458333333333,86,0,0,0,1,0,2,0,4,3,1,0,1,7
"108",41.9,57.7,41,60.7,43.8,64.2,49.6,2,4.50541666666667,63,1,0,0,0,0,1,0,4,2,1,1,1,4
"109",40.5,40.3,41,53.1,54.3,44.2,41.6,0,4.54291666666667,59,0,1,0,0,1,1,0,4,3,1,0,1,4
"110",57,40.3,41,33.7,54.3,64.2,41.6,1,0.295833333333333,69,0,0,0,0,1,2,0,4,3,0,0,1,2
"111",57,40.3,41,43.1,46.2,64.2,49.6,2,28.6304166666667,64,0,1,0,0,0,1,0,4,2,1,0,0,4
"112",57,48,41,57,52.4,55.8,41.6,0,3.24083333333333,48,0,0,0,0,0,1,0,4,2,0,0,0,2
"113",45.5,55.8,41,48.6,46.2,50,55.6,1,1.90208333333333,66,1,0,0,1,0,1,0,4,3,0,0,1,4
"114",57,40.3,41,43.1,37.5,64.2,41.6,1,2.35333333333333,75,1,0,0,0,0,2,0,29,2,0,0,1,5
"115",22.5,59.5,55.7,48.6,43.8,44.2,41.6,2,16.38875,56,0,1,0,1,1,1,1,4,4,1,1,1,1
"116",26.6,61.4,58.9,69,46.2,42.3,15,6,8.73625,34,0,0,0,1,0,1,1,4,2,1,0,0,2
"117",41.9,55.8,41,60.7,57.9,38.8,53.9,5,3.18875,74,0,0,0,0,0,2,0,4,2,0,0,1,5
"118",34.4,67.3,62.2,75.8,73.3,31.8,18,7,3.45125,56,1,2,0,1,0,1,0,4,3,0,0,0,4
"119",57,65.3,57.3,48.6,46.2,53.7,49.6,1,2.20125,25,0,2,0,1,0,1,0,4,3,0,0,0,2
"120",41.9,71.2,51.8,60.7,56.1,37.3,16,7,7.3375,59,0,2,0,0,0,1,0,4,3,1,1,1,3
"121",35.6,40.3,41,48.6,32,50,55.6,1,18.1675,68,0,0,0,0,1,2,1,4,3,1,0,1,4
"122",41.9,55.8,51.8,57,52.4,42.3,41.6,0,2.255,64,0,0,0,1,1,2,0,4,4,0,0,1,5
"123",40.5,40.3,41,33.7,46.2,64.2,41.6,0,2.27083333333333,63,1,0,0,0,1,1,0,4,3,1,0,1,4
"124",34.4,55.8,55.7,69,52.4,44.2,52,1,13.145,55,1,0,0,0,1,1,1,4,3,1,1,2,4
"125",45.5,69.3,79.4,62.7,68.8,27.5,16,8,2.40541666666667,40,1,2,1,1,0,1,0,4,2,0,0,2,1
"126",34.4,55.8,51.8,48.6,54.3,46.2,55.6,9,13.61125,75,0,1,0,0,1,2,1,4,3,1,0,1,5
"127",57,40.3,41,39.7,41.1,64.2,41.6,0,2.23125,72,1,0,0,0,1,2,0,4,3,0,1,1,5
"128",48.3,65.3,62.2,58.8,43.8,35.7,52,3,11.3429166666667,36,0,0,0,1,0,1,1,4,2,0,1,0,2
"129",39.2,40.3,41,43.1,37.5,64.2,41.6,0,9.27166666666667,54,1,1,0,1,0,1,1,4,2,1,0,0,3
"130",43.5,48,49,51,32,51.9,41.6,0,0.361666666666667,52,0,1,0,0,0,1,0,4,3,0,0,1,3
"131",43.5,53.7,62.2,75.8,54.3,44.2,12,5,2.45833333333333,64,0,0,0,0,0,1,0,4,3,0,0,1,4
"132",22.5,61.4,58.9,62.7,66,35.7,41.6,0,9.23,65,0,0,0,0,1,2,0,4,3,1,1,2,2
"133",22.5,63.4,55.7,75.8,54.3,27.5,20,10,49.0729166666667,61,0,0,0,1,1,2,1,4,3,1,0,0,4
"134",57,48,41,48.6,57.9,55.8,41.6,0,2.17,65,1,1,0,0,0,1,0,4,3,0,0,1,4
"135",36.7,81.6,79.4,69,54.3,35.7,20,9,7.51541666666667,63,0,1,0,0,0,2,0,4,3,1,0,1,4
"136",57,40.3,41,33.7,52.4,50,52,2,5.58041666666667,56,1,0,0,0,1,1,1,4,2,1,0,1,3
"137",40.5,65.3,60.5,58.8,43.8,44.2,55.6,2,14.9741666666667,62,1,0,0,1,1,1,1,4,3,1,0,3,3
"138",45.5,48,41,64.6,46.2,53.7,53.9,5,4.49291666666667,36,1,2,0,0,0,1,0,4,2,0,0,0,2
"139",45.5,57.7,41,53.1,43.8,51.9,55.6,1,4.00333333333333,52,1,0,0,0,1,1,1,4,3,1,1,1,2
"140",43.5,40.3,41,33.7,41.1,64.2,41.6,0,6.64791666666667,78,1,0,0,0,1,2,1,4,3,1,0,1,3
"141",35.6,65.3,58.9,60.7,57.9,44.2,53.9,5,8.67708333333333,51,0,0,0,0,1,1,1,4,3,1,0,0,1
"142",22.5,63.4,69.4,57,50.5,44.2,16,4,13.5083333333333,66,0,2,0,0,1,1,1,4,3,1,0,1,3
"143",57,40.3,41,33.7,50.5,64.2,41.6,0,2.55416666666667,73,0,1,0,1,0,2,0,4,3,0,0,1,5
"144",36.7,48,49,55.1,54.3,44.2,13,8,3.60833333333333,29,1,2,1,1,0,3,1,4,1,0,0,0,0
"145",33.2,71.2,69.4,75.8,59.8,37.3,20,7,8.71041666666667,46,1,0,1,0,1,1,1,4,3,1,0,0,0
"146",30.5,61.4,41,71.6,59.8,27.5,55.6,4,22.3070833333333,72,0,0,0,1,1,2,1,4,3,1,0,2,6
"147",36.7,63.4,51.8,75.8,63.8,27.5,20,8,3.425,58,1,0,0,0,1,3,1,4,3,0,1,0,1
"148",57,57.7,53.9,43.1,32,64.2,41.6,0,11.28875,56,0,2,0,0,0,1,0,4,2,1,0,0,3
"149",35.6,69.3,63.9,60.7,52.4,37.3,12,5,4.98416666666667,64,1,1,0,1,1,1,1,4,3,0,0,3,3
"150",31.9,59.5,41,57,48.4,44.2,16,6,15.9979166666667,70,1,0,0,0,1,2,1,4,3,1,0,2,6
"151",57,40.3,41,33.7,41.1,64.2,53.9,0,4.19666666666667,60,0,1,0,1,1,3,1,4,3,0,1,0,2
"152",35.6,55.8,41,53.1,41.1,27.5,41.6,0,8.0075,53,1,0,0,0,1,1,1,4,3,1,1,1,3
"153",22.5,40.3,41,71.6,54.3,27.5,14,6,13.95,69,1,0,0,0,1,1,1,4,3,1,0,1,6
"154",45.5,59.5,41,53.1,57.9,53.7,14,9,7.87583333333333,53,1,0,0,0,1,1,1,4,3,0,1,1,2
"155",36.7,63.4,55.7,53.1,48.4,51.9,12,8,2.58458333333333,86,0,0,0,1,0,2,0,4,3,1,0,1,7
"156",35.6,51.2,41,46,59.8,37.3,20,5,6.645,18,1,0,0,1,0,1,1,4,2,0,0,0,2
"157",41.9,48,49,53.1,54.3,37.3,41.6,0,6.81125,53,0,2,0,0,1,1,1,4,3,0,0,0,1
